106.0102815 3.2123932 
106.0380165 3.0826312 
106.0303320 3.0668846 
106.0368089 2.9937151 
105.9631046 2.9376620 
105.9735235 2.9085747 
106.0486693 2.8334598 
105.9052312 2.7941826 
106.0350537 2.7977992 
105.9142353 2.7748463 
105.8903731 2.7718541 
106.0189309 2.5549728 
105.9364787 2.4513385 
105.9279531 2.4006748 
105.9281177 2.3943414 
105.9384531 2.3755044 
105.9781748 2.4303228 
106.0493840 2.3842928 
106.0356981 2.3671322 
105.8576895 2.2775308 
105.9594230 2.2489967 
105.9462216 2.1810016 
105.9560679 2.1976646 
105.6650163 2.0844055 
105.6638640 2.1959057 
105.7818602 2.5443841 
105.8164248 2.6623756 
105.7747129 2.6613857 
105.8775780 2.9431915 
105.8271698 2.9105394 
105.7393864 2.8893932 
105.6755175 3.2032374 
105.7500576 2.8457244 
105.6033279 2.2667457 
105.4422051 2.2942487 
105.4408671 2.3699153 
105.5394507 2.3980827 
105.6412092 2.4337419 
105.6360459 2.5055758 
105.6585717 2.5387397 
105.4732206 2.6849164 
105.4306745 2.6750814 
105.5921827 2.6612466 
105.6030295 2.6817457 
105.6786535 2.9620703 
106.0148081 2.6683079 
105.9625693 2.4083288 
105.9261552 2.7441755 
105.8792683 2.7446910 
105.8464931 3.0805341 
105.8667636 3.0529448 
105.9175669 3.2437618 
105.7631171 3.0468883 
105.7439042 2.9496423 
105.7735091 2.8727193 
105.7445593 2.8882255 
105.7875062 2.7862161 
105.7285014 2.6879786 
105.8039056 2.6397121 
105.5263610 2.6260831 
105.6078058 2.9197453 
105.5768520 2.9641643 
105.4704789 2.2208330 
105.4205057 2.5380808 
105.3962151 2.7350790 
105.2969407 2.2038998 
105.1933741 2.5101281 
105.2372154 2.6670550 
105.2694131 2.6874782 
105.1585353 3.0048688 
105.0520582 3.0019177 
105.0419047 2.9303306 
105.1296933 2.9045271 
105.0908915 2.9111813 
105.0568411 2.9293361 
105.0503303 2.9359170 
105.0324079 2.8899103 
105.0882526 2.8189304 
105.0183499 2.7810715 
104.9874895 2.7589755 
105.0126939 2.7378192 
104.9985083 2.7443968 
105.0092058 2.9049012 
105.5240874 2.2265965 
105.7102157 2.3468919 
105.2796890 2.6065635 
105.4977677 2.6211434 
105.6443950 2.6273948 
105.9637379 2.6992351 
105.1726619 2.7917727 
105.4919139 2.7742634 
105.7414332 2.8098461 
105.7074812 3.0570857 
104.9749672 2.7771569 
