102.5346231 2.7452496 
102.9900709 2.9734848 
102.9349751 2.9111724 
103.0162295 2.8721406 
102.8838975 2.8731895 
102.8925741 2.8703534 
102.8927411 2.8705201 
102.9399764 2.8970039 
102.9533244 2.8908323 
102.8880654 2.8606882 
102.8164153 2.6258756 
103.0067339 2.5111446 
102.8327225 2.4678713 
102.9354620 2.4073388 
102.9160879 2.3373456 
102.7911395 2.2805486 
102.9419287 2.3001698 
102.7255856 2.2605625 
102.7334492 2.3873943 
102.6587515 2.6382397 
102.6619473 2.8319059 
102.7540585 2.8267235 
102.8428297 2.8152018 
102.6728024 2.8917378 
102.6212304 2.8252440 
102.6108955 2.9450783 
102.6062167 2.8764121 
102.8099964 2.9703773 
102.5040891 3.0614167 
102.6401070 3.0019087 
102.5431418 2.9970826 
102.5833590 2.9400805 
102.5755107 2.8637477 
102.5743283 2.6314144 
102.4775652 2.3349165 
102.6530177 2.1530738 
102.5022515 2.1812501 
102.5626228 2.1172484 
102.5140926 2.1497500 
102.3789937 2.2504107 
102.3522510 2.7135744 
102.2721410 2.8212287 
102.3584056 2.8769085 
102.4465163 2.8750822 
102.2789335 3.0912300 
102.1866747 2.9362097 
102.2370846 2.8860550 
102.1718253 2.9238725 
102.2224926 2.4777184 
102.2695945 2.1705616 
102.1833673 2.1797089 
101.9672112 2.1993001 
102.1304220 2.4291940 
102.0869552 2.7086800 
102.0296212 2.9756592 
102.0206991 3.1706557 
102.0381330 2.0968291 
102.3514861 2.1459077 
102.3510585 2.9132409 
102.6217566 3.0810773 
102.4868983 3.0562500 
102.5635037 3.0164151 
102.5491245 2.3690824 
102.7163971 3.1135642 
102.7760476 2.6608854 
102.7419680 2.4453927 
102.7757138 2.6607188 
102.8162484 2.6255423 
102.8427754 2.6227018 
102.9809471 2.6911550 
102.9394756 2.8965042 
102.8845647 2.8721894 
102.5269541 3.0410830 
102.5431417 2.9967493 
102.6401070 3.0022419 
102.0841722 3.0398457 
102.0832148 2.9978064 
102.0293498 2.9756233 
102.0388892 2.7411627 
102.0796701 2.4507787 
102.1304220 2.4290273 
102.0757232 2.3823428 
101.9672113 2.1989667 
102.0374658 2.0971621 
102.3161396 2.0805695 
102.7921413 2.9790483 
102.8096626 2.9703773 
102.6728025 2.8922378 
102.7483869 2.8360581 
102.6618712 2.8312993 
102.7086439 2.6745655 
102.7332823 2.3868944 
102.7559663 2.3773898 
102.7416072 2.3088927 
102.7322673 2.3132279 
102.6570398 2.3035733 
102.1721591 2.9235392 
102.2367507 2.8862216 
102.2719742 2.8207287 
102.2228262 2.4779758 
102.3789937 2.2505773 
102.2559255 2.1358922 
102.5345777 2.7457266 
102.6064369 2.8766854 
102.5753037 2.8637811 
102.6115964 2.9450249 
102.5706328 2.4308680 
102.4767312 2.3348232 
101.9924036 2.3719843 
101.9563107 2.0839064 
102.7797942 2.5077734 
102.1823398 2.1759308 
102.2696224 2.1698394 
102.2790950 3.0907676 
102.5626228 2.1169151 
102.5142594 2.1494167 
102.8540590 2.4111986 
103.0051831 2.3924786 
102.8400597 2.4575359 
103.0067341 2.5116446 
102.8507429 2.4811995 
102.0867885 2.7081799 
102.5744952 2.6314144 
102.5701582 2.6472480 
102.7255857 2.2610625 
102.7916399 2.2807151 
102.6958848 2.1867343 
102.3180134 2.9310698 
102.8094931 2.3052107 
102.9422160 2.3004444 
102.2716076 3.1187873 
102.0377860 2.8631068 
102.5342760 2.7449629 
103.0162294 2.8719406 
102.8835836 2.8727096 
102.8159949 2.6258490 
102.8509631 2.4809128 
102.8399061 2.4570626 
102.7910994 2.2803286 
103.0365885 2.1169651 
103.0053498 2.3921452 
102.8093288 2.9703774 
102.7437255 2.8910590 
102.7488875 2.8362246 
102.7762145 2.6613854 
102.7561331 2.3775564 
102.7414404 2.3090594 
102.8094930 2.3048774 
102.7255856 2.2605625 
102.6511833 2.1540740 
102.5627896 2.1170818 
102.5140926 2.1497500 
102.6568729 2.3029066 
102.5743283 2.6314144 
102.5750100 2.8635811 
102.5394659 2.8655827 
102.6062167 2.8765787 
102.4868983 3.0562500 
102.5040891 3.0614167 
102.2369177 2.8862216 
102.3585725 2.8764085 
102.2719742 2.8210620 
102.3849523 2.7355779 
102.3764423 2.7380771 
102.2223257 2.4780517 
102.1302553 2.4286939 
102.1822008 2.1760419 
102.2695946 2.1698949 
102.2560923 2.1362256 
102.3071272 2.1239014 
102.0379662 2.0968290 
101.9675448 2.1991336 
101.9926570 2.3718110 
102.0758899 2.3825095 
101.9839207 2.5186407 
102.0867884 2.7083466 
102.1156596 2.6906894 
102.0812871 2.6945114 
102.0388892 2.7409961 
102.0294543 2.9756592 
102.0014155 2.9788147 
102.0833519 2.9983454 
102.0838384 3.0396790 
101.9638352 3.0469654 
