104.5124303 2.6905833 
105.0447445 3.1981283 
105.0301914 3.1269679 
105.0090677 2.9053104 
104.9074392 2.9095153 
105.0329302 2.9021335 
105.0424548 2.9301293 
104.8922507 2.9023535 
104.9666248 2.7609940 
105.0181932 2.7811398 
104.9753078 2.7771573 
104.8606751 2.7831966 
104.8796409 2.6021909 
104.9138058 2.4936797 
104.8351789 2.3013705 
105.0049894 2.3278119 
104.9289053 2.2628411 
104.8264588 2.1278729 
104.8276224 2.1137059 
104.8949842 2.0710193 
104.7359289 2.2720606 
104.6527125 2.3787404 
104.7526675 2.5572239 
104.6680893 2.5989051 
104.7985703 2.6545468 
104.7577490 2.9178895 
104.8877737 2.9923550 
104.6649697 2.9700722 
104.7331017 3.1850610 
104.5526618 3.1630822 
104.5451508 3.1680825 
104.5763636 3.1599143 
104.5897110 3.0805800 
104.7505924 3.0120576 
104.5374547 2.5830828 
104.5523031 2.5830823 
104.4763935 2.5459165 
104.6325467 2.5427429 
104.5104268 2.5284167 
104.4291805 2.5429146 
104.5464616 2.5262492 
104.5032528 2.3985834 
104.5482924 2.4185824 
104.5748141 2.3909144 
104.4055061 2.3440797 
104.4331980 2.2952482 
104.4203545 2.2980808 
104.5933171 2.2244132 
104.4195314 2.1349140 
104.5124304 2.6905833 
105.0447445 3.1981282 
105.0301914 3.1269680 
105.0090677 2.9053103 
104.9074392 2.9095152 
105.0329302 2.9021334 
105.0424548 2.9301292 
104.8922507 2.9023535 
104.9666248 2.7609940 
105.0181932 2.7811398 
104.9753078 2.7771573 
104.8606751 2.7831966 
104.8796409 2.6021909 
104.9138059 2.4936797 
104.8351789 2.3013706 
105.0049894 2.3278120 
104.9289053 2.2628412 
104.8264588 2.1278729 
104.8276224 2.1137060 
104.8949842 2.0710193 
104.7359289 2.2720605 
104.6527125 2.3787405 
104.7526675 2.5572238 
104.6680893 2.5989051 
104.7985703 2.6545468 
104.7577490 2.9178894 
104.8877737 2.9923550 
104.6649698 2.9700722 
104.7331017 3.1850611 
104.5526618 3.1630822 
104.5451508 3.1680825 
104.5763636 3.1599143 
104.5897110 3.0805801 
104.7505925 3.0120576 
104.5374546 2.5830828 
104.5523030 2.5830823 
104.4763935 2.5459165 
104.6325467 2.5427428 
104.5104268 2.5284167 
104.4291805 2.5429147 
104.5464616 2.5262492 
104.5032528 2.3985834 
104.5482924 2.4185824 
104.5748140 2.3909144 
104.4055061 2.3440797 
104.4331981 2.2952482 
104.4203546 2.2980808 
104.5933171 2.2244131 
104.4195314 2.1349141 
104.2831144 2.1103974 
104.3623264 2.1470756 
104.3334700 2.1777387 
104.3661560 2.2035760 
104.3297922 2.2394048 
104.2684152 2.2330614 
104.3349539 2.3037389 
104.2952608 2.2755662 
104.3474569 2.3582405 
104.3976611 2.4065791 
104.2541771 2.5352252 
104.3000542 2.5409003 
104.2439976 2.5487231 
104.3686090 2.6550763 
104.2925288 2.6467324 
104.2361420 2.6158881 
104.2598251 2.6575597 
104.1995735 2.6041463 
104.4129518 2.7224469 
104.3504841 2.6990409 
104.4224552 2.8363809 
104.2462977 2.8789570 
104.3419900 3.0943398 
104.3660544 3.1262093 
104.1355625 2.8653622 
104.0893561 2.4177808 
104.0849554 2.4085793 
104.0911603 2.4099814 
104.1313339 2.1728276 
104.0913102 2.1626148 
104.0514826 2.1654007 
104.2174500 2.0671839 
104.2294530 2.0855867 
103.9960610 2.6908791 
104.1060238 2.8713863 
104.2463204 2.4506570 
104.3425297 2.4074065 
104.3379416 2.4137393 
104.9098651 2.1860144 
105.0129021 2.7380754 
104.9876483 2.7589857 
105.0319237 2.8901339 
104.6216911 2.4270773 
104.6322017 2.4389095 
104.5339468 2.4300829 
104.6175231 2.4517444 
104.7057183 2.1477327 
104.6180673 2.9019110 
104.3948369 2.2722455 
104.3571604 2.1129083 
104.1012388 2.4006847 
104.2011182 2.5643800 
104.7873490 2.4742161 
104.5115936 2.4249167 
104.6106814 2.4279117 
104.1662126 2.0932043 
104.0727821 2.2073417 
104.1877908 2.4892100 
104.1619291 2.5042031 
104.0308850 2.7283264 
104.2366162 2.7373882 
104.4990826 2.3614167 
104.6071806 2.4532453 
104.6933847 2.1969014 
104.5217750 2.7440832 
104.5421312 2.7314160 
104.3744135 2.9944102 
104.3720765 2.9994100 
104.4558787 2.3962493 
103.9867223 2.6001419 
104.4899047 2.7924167 
104.5498109 2.8379157 
104.5321231 2.8564163 
104.2028230 2.4152138 
104.1474591 2.3533657 
103.9624081 2.5004647 
104.1206634 2.1618576 
103.9507189 2.1566261 
104.9372738 2.9354354 
104.7858289 3.1040498 
104.8285499 3.0770391 
104.8571809 2.8171977 
104.7763799 2.6550520 
104.8000544 2.5835464 
104.6035082 2.4252457 
104.6455414 2.3924080 
104.7558243 2.4952232 
104.7746781 2.5075524 
104.7475094 2.6243916 
104.6849496 2.6622360 
104.5506511 2.9772490 
104.5928556 2.7329132 
104.4225234 2.2914143 
104.4043427 2.2899130 
104.1304275 2.4111940 
104.6226599 2.1085772 
104.6166554 2.1009111 
104.3532868 2.4757294 
104.5124302 2.6904166 
104.4124844 2.7224136 
104.1352955 2.8650288 
104.2172500 2.0668838 
104.0893895 2.4178475 
104.1658247 2.8978708 
104.3660544 3.1260761 
104.5897111 3.0807467 
104.7858289 3.1042164 
104.8287166 3.0767056 
104.4229892 2.8357475 
104.4758930 2.5457497 
104.7357622 2.2720606 
104.6651366 2.9697389 
104.1064241 2.8713530 
105.0092344 2.9046436 
104.3341369 2.1779055 
104.8276225 2.1135391 
104.8947639 2.0707061 
104.5536633 3.1637489 
104.7329347 3.1850611 
104.0303842 2.7286594 
103.9867222 2.6004753 
104.5372878 2.5827494 
104.5528036 2.5834155 
104.5764236 3.1598344 
104.7059184 2.1474593 
104.1662395 2.0927310 
103.9508857 2.1567929 
104.0845551 2.4081792 
103.9965281 2.6911460 
104.6173998 2.9017444 
104.2598252 2.6573930 
104.2463538 2.4505570 
104.2297530 2.0865534 
104.7866637 3.1050497 
104.9223746 3.1483435 
104.6649698 2.9697389 
105.0089009 2.9054771 
104.7575822 2.9182228 
104.9876482 2.7586524 
104.6222320 2.8292439 
104.7528343 2.5572238 
104.9138058 2.4935130 
104.6503734 2.3479074 
105.0056566 2.3278117 
104.8269591 2.1277061 
104.8949841 2.0706860 
104.5936506 2.2245798 
104.6532130 2.3789071 
104.5481256 2.4175824 
104.6452078 2.3920747 
104.5114268 2.4247500 
104.5341136 2.4300830 
104.7870154 2.4743829 
104.5531372 2.5832488 
104.5371210 2.5829161 
104.5120967 2.6904167 
104.6179005 2.9020777 
104.5533295 3.1629155 
104.7332685 3.1845610 
104.3655536 3.1262427 
104.1354624 2.8653622 
104.4228223 2.8364143 
104.2465981 2.8788904 
104.4128183 2.7225803 
104.2546773 2.5362253 
104.2436640 2.5485564 
104.0900569 2.4170143 
104.0850556 2.4083460 
104.2465207 2.4500570 
104.3328030 2.1770719 
104.1209969 2.1620244 
104.2170833 2.0663838 
103.9508856 2.1569595 
103.9872228 2.6001420 
104.1881246 2.4888768 
104.1050895 2.8705193 
104.2925287 2.6470657 
104.1665462 2.0930377 
104.4190310 2.1350807 
104.3656557 2.2034093 
104.3979947 2.4065791 
104.2366164 2.7367216 
104.1653241 2.8975374 
104.3722434 2.9994100 
104.4253176 2.9630811 
104.7500917 3.0117244 
104.6670881 2.5977386 
104.4293474 2.5422480 
104.4760598 2.5459165 
104.7985704 2.6550468 
104.7545137 2.6100568 
104.8806420 2.6023572 
104.8600311 2.2995301 
104.9817712 2.2448214 
104.8283829 3.0767058 
104.7052179 2.1470661 
104.6328803 2.5422428 
104.4551999 2.7097492 
104.6108482 2.4275783 
104.1315005 2.1733609 
104.4375300 2.3880818 
104.3431135 2.4080733 
104.1987727 2.6038795 
104.2832756 3.0767308 
103.9968617 2.6913128 
104.1012387 2.4010181 
104.4989158 2.3617501 
104.3504173 2.6995742 
104.2829476 2.1105640 