104.0217108 2.0013566 
104.0238290 1.7868561 
103.8875786 1.6712169 
103.8847405 1.6498840 
103.8842048 1.4408841 
103.8795322 1.4142183 
103.9365539 1.4368746 
103.9555663 1.4687042 
103.9855479 1.3370313 
103.8865212 1.3372171 
103.8591799 1.3335549 
103.8421698 1.2973909 
103.8536625 1.2318891 
104.0076672 1.0988598 
104.0031633 1.0850275 
103.9744443 0.8568670 
103.8003187 1.2430635 
103.7958490 1.4823974 
103.7460088 1.5727367 
103.8026946 1.5572298 
103.7625255 1.6635682 
103.7130229 1.8537400 
103.7520384 1.8185694 
103.7295557 2.0962384 
103.7270536 2.0909053 
103.8417332 1.7182243 
103.8102142 1.6803955 
103.6706713 1.8920769 
103.6578309 1.8860779 
103.4608963 1.9039164 
103.4185419 1.8769152 
103.5651152 1.8315824 
103.4664015 1.7495831 
103.3968739 1.6637477 
103.5821173 1.6620819 
103.5714462 1.6609156 
103.5285949 1.6390832 
103.4392291 1.5044159 
103.3775432 1.4679134 
103.3313603 1.4820771 
103.5127527 1.2050833 
103.4454064 1.1497494 
103.4652452 1.0365831 
103.4970829 1.0829167 
103.3797412 0.8912469 
103.1751635 1.3278934 
103.3476802 1.7622449 
103.3315045 1.7842438 
103.3268356 1.7850768 
103.4218751 1.9304154 
103.3208189 1.9604096 
103.3059768 1.9687417 
103.4670657 1.9394165 
103.1195333 2.0148848 
103.0820182 1.9807115 
103.0791878 1.9563776 
103.2012538 1.9595637 
103.0998652 1.9593814 
103.1922526 1.9322291 
103.2122792 1.8070651 
103.0837763 1.4887118 
103.1689646 1.5368925 
103.0861065 1.5102122 
103.1191361 1.4022180 
103.1046328 1.3962155 
103.1281576 1.2878862 
103.1143503 1.1147172 
103.1290140 1.1482197 
103.1743792 0.9857266 
103.0653716 0.9595417 
103.1672224 0.9127256 
102.9663689 0.9276872 
103.0078010 1.2568632 
102.9922751 1.3563598 
102.9582553 1.3995186 
102.9987689 1.3925279 
103.0566214 1.3818733 
103.0450501 1.7197044 
102.9953121 1.9420272 
103.4045538 1.4252480 
103.9715297 2.0678676 
103.9501860 2.0793720 
103.9940303 1.2456962 
103.6956382 1.3602416 
103.7148166 1.4265732 
103.8147625 2.0137282 
103.5506114 1.9822495 
103.4809052 2.0822500 
103.4117266 1.3260817 
103.4260763 0.9389155 
103.3370695 0.9175775 
103.3485743 0.8602450 
103.2025886 1.9535639 
104.0220444 2.0020233 
103.4220418 1.9310820 
103.4810720 2.0822500 
104.0186288 1.6513573 
103.8844070 1.6500507 
103.8872451 1.6712170 
104.0382615 1.4741861 
103.8900401 1.4415498 
103.8837045 1.4398842 
103.9850478 1.3373647 
103.8598466 1.3330548 
104.0078339 1.0990264 
104.0076611 1.0716930 
103.9128111 1.0607125 
103.9742776 0.8568670 
103.6360907 0.8478126 
103.0655383 0.9595417 
102.9691539 1.1343545 
103.1279908 1.2882194 
102.9924417 1.3563597 
103.1189694 1.4020514 
103.0572880 1.3827066 
103.1047997 1.3957156 
103.1378111 1.3845544 
103.0841097 1.4888786 
103.0047556 1.4621958 
103.1089372 1.5703830 
103.0448833 1.7198711 
103.0193700 1.7293658 
103.0816845 1.9807947 
102.9951453 1.9420273 
103.0785208 1.9555441 
103.6579978 1.8865778 
103.5706125 1.6619155 
103.5285950 1.6394166 
103.5826175 1.6624153 
103.6548075 1.5664114 
103.7993505 1.4845636 
103.6703019 1.4145769 
103.7149833 1.4265730 
103.6546328 1.4482447 
103.6953047 1.3599083 
103.6844686 1.3632425 
103.5917767 1.3795814 
103.6251155 1.3094133 
103.8003189 1.2437302 
103.6307736 1.1322464 
103.7589603 1.1054020 
103.4260764 0.9385822 
103.3369027 0.9174108 
103.4455731 1.1490828 
103.1101714 1.1818831 
103.2068586 1.1743977 
103.1288472 1.1478864 
103.4043872 1.4254147 
283.4392292 76.5607708 
103.4395625 1.5054158 
103.3972072 1.6642477 
103.4659011 1.7502497 
103.3791967 1.7230803 
103.3473466 1.7627450 
103.4313855 1.7549156 
103.3328383 1.7847439 
103.3268355 1.7857433 
103.4605628 1.9034163 
103.4183753 1.8769152 
103.4140400 1.8640817 
103.1922525 1.9327292 
103.2025886 1.9533972 
103.2009202 1.9602302 
103.1527355 1.9065566 
103.3336958 1.4605773 
103.3777100 1.4674134 
103.4974164 1.0832500 
103.4652453 1.0367497 
103.1743792 0.9863933 
103.4770805 1.0102500 
103.5405880 0.9820831 
103.1751636 1.3278933 
103.1919847 1.4488958 
103.1691314 1.5365591 
103.2188125 1.5638993 
103.2196461 1.5633994 
103.3058934 1.9684916 
103.3210411 1.9612708 
103.0014263 0.9334729 
102.9990189 1.3928613 
103.0166746 1.9892818 
103.3799078 0.8914469 
103.3489076 0.8602450 
103.7132430 1.8537333 
103.6798627 1.8076562 
103.5646083 1.8319025 
103.1521285 1.5160567 
103.4390824 1.5044892 
104.0215440 2.0013566 
103.9488273 1.9553723 
103.8839069 1.6503842 
103.8875787 1.6715503 
104.0186289 1.6515240 
104.0147508 1.4615249 
103.8840381 1.4410508 
103.8861877 1.3370505 
103.8631775 1.3122209 
103.8595133 1.3335548 
104.0076673 1.0995265 
103.9284610 0.9595428 
103.9744444 0.8570337 
103.8722771 0.8897195 
103.9552329 1.4690376 
103.9679271 1.5818684 
103.7989403 0.9037303 
103.8253019 1.0863934 
103.7587934 1.1047352 
103.7501369 1.2100695 
103.8001520 1.2428968 
103.6954715 1.3604082 
103.7146498 1.4264066 
103.7956823 1.4825641 
103.8026946 1.5573965 
103.7455086 1.5729034 
103.7623588 1.6635682 
103.7982142 1.7183971 
103.8420667 1.7183909 
103.8165627 1.7690613 
103.8149292 2.0135615 
103.8317672 1.9795591 
103.7292221 2.0959051 
103.6357573 0.8474127 
103.6200895 0.8404136 
103.4974162 1.0830834 
103.6032596 0.9365811 
103.6306068 1.1315796 
103.6247822 1.3094133 
103.6566303 1.4045780 
103.5912764 1.3790816 
103.6549743 1.5665781 
103.5821173 1.6619152 
103.6794923 1.6794096 
103.5714480 1.7167490 
103.5652819 1.8315824 
103.5506114 1.9824162 
103.5285949 1.6389165 
103.3794078 0.8912468 
103.4767471 1.0099166 
103.4650786 1.0365831 
103.4420748 1.0570826 
103.4454064 1.1494160 
103.1742124 0.9858933 
103.3132407 0.8369090 
103.3374029 0.9174109 
103.2965484 1.1140742 
103.2845276 1.3109065 
103.2200134 1.2903994 
103.3315270 1.4819105 
103.2201556 1.4890661 
103.3473467 1.7625782 
103.3318380 1.7845772 
103.3004901 1.7829079 
103.2169491 1.7987323 
103.2124459 1.8070652 
103.2207821 1.8160661 
103.3198324 1.7842429 
103.3136618 1.7967424 
103.3131616 1.7960757 
103.3059767 1.9687417 
103.2025885 1.9543972 
103.2010869 1.9603970 
103.3208189 1.9602429 
103.3271691 1.7852435 
103.2428033 1.7232355 
103.2396342 1.7319018 
103.3255452 1.2200767 
103.1673891 0.9128923 
103.1611999 1.0595580 
103.1276575 1.2877194 
103.1191362 1.4018847 
103.1193028 1.4022181 
103.1049663 1.3957156 
103.0837762 1.4888784 
103.1687979 1.5367258 
103.0897672 1.5495462 
103.0793546 1.9560443 
103.0818515 1.9803781 
103.1924194 1.9322292 
103.1529022 1.9063901 
103.1091041 1.5703830 
103.2196463 1.5628993 
103.1376445 1.3845544 
103.1103379 1.1827166 
103.1290141 1.1480530 
102.9662021 0.9280204 
103.0655383 0.9595417 
102.9691542 1.1336878 
103.0078010 1.2570299 
102.9991023 1.3923613 
103.0062677 1.4076962 
103.0042553 1.4621958 
103.0450502 1.7193710 
102.9951453 1.9421938 
103.0197038 1.7285325 
103.0054322 1.4168627 
103.0629535 1.3975412 
102.9922751 1.3563598 
102.9958731 0.9206939 
104.0344794 0.9906870 
104.0346483 1.0000203 
104.0076611 1.0716932 
103.9936969 1.2458629 
103.9852145 1.3370314 
103.9851267 1.3941314 
104.0226217 1.7577897 
103.9124778 1.0607125 
104.0136293 0.9275251 
103.8178351 1.3313944 
103.4980824 1.7744167 
103.5706126 1.6619156 
103.4043871 1.4255814 
103.3968739 1.6637477 
103.4660680 1.7502498 
103.4183751 1.8772486 
103.4610631 1.9034164 
103.4142068 1.8640818 
103.4213748 1.9305820 
103.4160387 1.9275818 
103.4048658 1.9354147 
103.4672324 1.9389165 
103.4810720 2.0825833 
