101.4768908 2.7112498 
102.0211969 3.1706385 
101.7811696 3.1647176 
101.5406446 3.1835827 
101.2345133 3.1977211 
101.1887609 3.2610436 
101.1845950 3.2330425 
101.0181653 3.2463214 
101.9226904 3.0965100 
102.0297915 2.9754682 
101.8626932 2.8360294 
101.8697068 2.8525273 
101.9672428 2.1986604 
101.7206345 2.5505634 
101.7506996 2.7225576 
101.6321096 3.1260762 
101.5870266 2.8855803 
101.5785138 2.8540809 
101.4571976 2.8392493 
101.4830624 2.8555833 
101.3387239 2.8034060 
101.5259475 2.7954164 
101.3487392 2.7764073 
101.3984626 2.7960791 
101.4393655 2.3762485 
101.4313592 2.3680815 
101.4650573 2.2569162 
101.4463764 2.2639155 
101.4884082 2.2409167 
101.5734648 2.1469145 
101.6553427 2.0752401 
101.2883399 2.7488983 
101.2432590 2.8863897 
101.3181868 2.8875698 
101.4617023 2.8660828 
101.2699490 2.9412283 
101.3331892 3.0080720 
101.2068372 3.0622148 
101.2110595 2.8530491 
100.9990967 2.9359804 
101.0462856 3.0414989 
101.0169091 3.0473209 
101.9133635 2.7325040 
102.0389729 2.7409039 
102.0379925 2.0967978 
101.6901117 2.9828186 
101.0571001 3.0329010 
101.2507474 2.9890579 
101.8930702 2.8563533 
101.8960564 2.2906856 
101.5162615 2.2120833 
102.0378806 2.0972978 
101.9555447 2.0836517 
101.8450856 2.1098478 
101.9668758 2.1985108 
101.9652964 2.2256150 
101.8959561 2.2897525 
101.9468350 2.3071347 
101.9763269 2.3146800 
101.9740444 2.3548153 
101.9940881 2.3642981 
101.9927011 2.3718819 
101.6555092 2.0749067 
101.6032933 2.0692372 
101.5904364 2.0786733 
101.5608142 2.0614042 
101.5734647 2.1467478 
101.5913114 2.1664411 
101.5979858 2.2083850 
101.5164006 2.2108889 
101.4619183 2.1896383 
101.5278967 2.1654103 
101.9214222 3.0975439 
101.8998492 3.0738325 
101.8070386 3.0791289 
101.6900389 2.9824283 
101.7018711 2.9905444 
101.8701797 2.8525086 
101.8628736 2.8352656 
101.8931261 2.8567839 
101.8718058 2.8651239 
101.8627194 2.8154922 
102.0294669 2.9753619 
102.0039531 2.9123125 
101.8885211 2.8942992 
101.9741631 2.8668536 
101.9134844 2.7319322 
101.0463403 3.0415983 
101.0209972 3.0499336 
101.2428208 2.8862622 
101.3179542 2.8874333 
101.2881731 2.7488983 
101.3484056 2.7769072 
101.3238742 2.7940706 
101.3385569 2.8037394 
101.4123731 2.4678858 
101.4156197 2.4264508 
101.4871072 2.2408833 
101.4650908 2.2569458 
101.4471628 2.2637489 
101.5446453 2.2804197 
101.5720539 2.2761778 
101.4648003 2.2868758 
101.5978961 2.3027092 
101.5005514 2.2632039 
101.8805058 2.1675239 
101.9835342 2.5188347 
101.9401275 2.7257167 
101.9271628 2.7624806 
101.5866750 2.8855169 
101.5779797 2.8545142 
101.5599381 2.8147256 
101.6506308 3.0789631 
101.7231292 3.0521903 
101.7871792 3.0496783 
101.6415747 3.0694756 
101.7144528 3.0739525 
101.6037661 2.5157178 
101.2055019 3.0627144 
101.2583789 2.8106119 
101.0405553 3.1091989 
101.0953497 3.1439800 
100.9992992 2.9361911 
101.0177675 3.2457972 
101.6579256 2.7010731 
101.7508664 2.7223908 
101.6993581 2.6302614 
101.7205464 2.5503922 
101.8328106 2.4477733 
101.8685322 2.4568292 
101.8422697 2.8622892 
101.8213167 2.8729044 
101.8906839 2.9620694 
101.7578806 3.0868839 
101.7369089 2.9146731 
101.8658978 2.6543981 
101.5196211 2.3075717 
101.3331892 3.0081183 
101.2698089 2.9402150 
101.4571975 2.8390825 
101.4613825 2.8667681 
101.6316739 3.1260531 
101.7323133 2.7478019 
101.6975181 2.2879564 
101.7809286 3.1650094 
102.0468036 3.0959467 
101.5048642 2.1017872 
101.4309978 2.3688917 
101.4392219 2.3756050 
101.8623915 2.8355202 
101.8926369 2.8564579 
101.6901966 2.9829352 
101.5869932 2.8851803 
101.5257473 2.7957831 
101.3489060 2.7769072 
101.4571976 2.8392493 
101.3237073 2.7939039 
101.2065034 3.0625480 
102.0380897 2.0966821 
101.5978544 2.3024406 
101.5198768 2.3082777 
101.4391987 2.3761374 
101.9350059 2.9971724 
101.8698737 2.8526939 
102.0379196 2.8637979 
101.9133865 2.7320132 
102.0388666 2.7414642 
101.9837149 2.5186540 
101.9672428 2.1988270 
101.9561919 2.0836646 
101.7781302 3.0122183 
101.7574510 3.0867228 
101.6556762 2.0755734 
101.5732980 2.1469145 
101.4762234 2.7105832 
101.5458003 2.6847492 
101.1889278 3.2613770 
101.2346802 3.1977212 
101.3196729 2.9942367 
101.3333561 3.0085720 
101.2432590 2.8860563 
101.2112266 2.8523825 
101.2125624 2.8490495 
101.0469533 3.0411658 
101.0169091 3.0473209 
101.0569703 3.0326695 
100.9519675 3.0862934 
