103.9539980 2.9073321 
103.9177395 2.7750117 
103.9964643 2.6914822 
103.9539980 2.9073321 
103.9177395 2.7750117 
103.9964643 2.6914822 
104.0468419 2.6662939 
103.9869172 2.5999860 
103.8564572 2.6253645 
103.9071670 2.5953486 
103.9136621 2.5613464 
103.9626876 2.5001621 
103.9501866 2.0790001 
103.9507157 2.1566666 
103.7960393 2.5383807 
103.6980801 2.8651506 
103.7218721 2.9328965 
103.4396790 2.7805819 
103.5930183 2.6782465 
103.6031103 2.6512457 
103.6275490 2.6120767 
103.3899866 2.4187451 
103.3728164 2.3089101 
103.2901122 2.1483986 
103.2739360 2.1422291 
103.3790061 2.1265774 
103.2697150 2.4148949 
103.2294888 2.5242200 
103.2224846 2.5130518 
103.3000607 2.5014003 
103.2311457 2.5755537 
103.3177345 2.5650697 
103.2344634 2.6623878 
103.4018062 2.7179128 
103.2863149 2.8777313 
103.4480989 2.9357489 
103.1514506 2.9762002 
103.0159777 2.8716539 
103.1264443 2.8876928 
103.1362896 2.8895291 
103.1218203 2.7318580 
103.1022945 2.7428518 
103.1528594 2.7183672 
103.1276831 2.6571931 
103.1095402 2.5225208 
103.1872934 2.4775432 
103.0947959 2.2126826 
103.0761155 2.2138429 
103.0480845 2.2438328 
103.9184856 2.5188448 
103.5658307 2.8410816 
103.4655494 2.5484162 
103.3871370 2.5679115 
103.4867372 2.5245833 
103.0069457 2.5116502 
103.3796257 2.6055774 
103.6036137 2.6847456 
103.4548529 3.0685825 
103.7052094 2.5907328 
103.9179067 2.7755117 
104.0310522 2.7291675 
103.9966314 2.6916489 
103.9864167 2.6001528 
103.0069456 2.5121503 
103.1095400 2.5226875 
103.1218200 2.7325247 
103.1027947 2.7435186 
103.0145867 2.7336256 
103.0160889 2.8717650 
103.1519792 2.9762558 
103.4400405 2.7806375 
103.5658308 2.8409150 
103.4476817 2.9357489 
103.4605303 2.9814161 
103.2864817 2.8777314 
103.2346303 2.6623878 
103.2697150 2.4152283 
103.3894861 2.4187450 
103.0949625 2.2126828 
103.9178183 2.5188450 
103.7962064 2.5388805 
103.8562902 2.6251980 
103.6983303 2.8647339 
103.7052928 2.5907328 
103.6346741 2.4221786 
103.4810164 2.0829167 
103.0369300 2.1171064 
103.9510770 2.1567775 
103.9130503 2.5612356 
103.4551032 3.0689159 
103.3896530 2.4187450 
103.2695481 2.4155615 
103.9099685 3.1231282 
103.7371615 3.1416625 
103.5797779 3.1386016 
103.4316519 3.1509280 
103.2619215 3.1601508 
103.0983534 3.1909219 
104.0308520 2.7289677 
103.9966311 2.6913154 
103.9865837 2.6004862 
103.9626877 2.5004954 
103.9505490 2.1568333 
103.7957057 2.5383808 
103.9134952 2.5613465 
103.8564572 2.6255312 
103.6030269 2.6515790 
103.6343685 2.4225760 
103.6737293 2.3715710 
103.7295576 2.0960618 
103.4809052 2.0820833 
103.4677280 2.1784163 
103.4395122 2.7809152 
103.5658307 2.8412483 
103.4481825 2.9355823 
103.4600296 2.9820827 
103.4541852 3.0690825 
103.3642313 3.0104091 
103.4021399 2.7182461 
103.3794589 2.6057441 
103.3177345 2.5654031 
103.3790061 2.1265774 
103.2741028 2.1422290 
103.2897787 2.1482319 
103.2294888 2.5243867 
103.1216533 2.7323579 
103.1670471 2.6998712 
103.1362895 2.8896957 
103.1259435 2.8885259 
103.1516174 2.9763669 
103.2176856 3.0632173 
103.1024615 2.7423518 
103.1095402 2.5225208 
103.0756152 2.2138428 
103.0949626 2.2126827 
103.0064452 2.5116500 
103.0504764 2.5411671 
103.0163114 2.8718206 
103.0767276 2.8510098 
103.9541649 2.9073320 
103.9177395 2.7750117 
103.9716951 2.0678253 
103.7222059 2.9330631 
103.6983304 2.8647339 
103.7245268 2.8490627 
103.7047923 2.5908995 
103.6395199 2.2500754 
103.3043241 2.9610677 
103.2863149 2.8778980 
103.3061990 2.7155681 
103.2997270 2.5014002 
103.3731499 2.3097434 
103.2347971 2.6623878 
103.2347391 2.9282212 
103.0051591 2.3924828 
