105.4854092 1.8880833 
105.9729026 1.4557007 
105.8778701 1.4447185 
105.9099247 1.6898796 
105.8557620 1.8622221 
105.9538363 1.9872046 
105.9622024 1.3080362 
105.9743623 1.2608670 
106.0048479 1.1640271 
106.0241868 1.1718561 
105.8660707 1.6777205 
105.8065407 1.6408960 
105.8048636 1.5688962 
105.8445458 1.5735572 
105.6846464 1.4980759 
105.8940503 1.4928824 
105.8043506 1.4735629 
105.6434554 1.3357455 
105.8284472 0.9353929 
105.6914291 0.8715753 
105.6045886 0.8384143 
105.4835827 0.8149167 
105.4955827 1.0355834 
105.5022504 1.1400834 
105.4472342 1.4049161 
105.4337282 1.4690824 
105.3811952 1.7685803 
105.3685169 1.8697462 
105.4227078 1.9602487 
105.4122002 2.0085817 
105.2126023 1.8887318 
105.3089975 1.7419087 
105.1638048 1.4785584 
105.2573597 1.2567371 
105.2080145 1.2583979 
105.3445516 1.1869114 
105.2693817 1.0679050 
105.2902429 0.8014070 
105.1196656 1.2273848 
105.0744771 1.2900434 
105.0836858 1.9807118 
105.3900700 1.0005807 
105.4207402 1.0037487 
105.0642403 1.6415414 
105.0364833 2.0280358 
105.6415005 2.0674122 
105.9540031 1.9873711 
105.8554283 1.8618889 
105.8242447 1.8512269 
105.8505900 1.8443897 
105.7752194 1.8444000 
105.9734028 1.4560339 
105.8938836 1.4937159 
105.9944164 1.4868628 
105.9352028 1.3458750 
105.8486811 1.3598900 
105.8380111 1.3577247 
106.0051814 1.1640269 
105.9483391 1.1752055 
106.0376353 0.9433528 
105.6045886 0.8387478 
105.4840828 0.8152500 
105.5169175 0.8405833 
105.4370808 0.8130518 
105.1844000 0.8445614 
105.0317311 0.8162017 
105.1194989 1.2268847 
105.0748106 1.2898770 
105.0964167 1.6607141 
105.2127689 1.8890652 
106.0203572 1.9163569 
105.8573619 1.4335553 
105.8777034 1.4448853 
105.9620358 1.3083697 
105.3885744 0.9047472 
105.4125603 2.0082392 
105.5162592 2.0115833 
105.7483617 1.7429864 
105.6848964 1.4974925 
105.3718234 0.9027464 
105.0084017 1.5613633 
105.1963183 2.0788964 
105.4853258 1.8884166 
105.4925798 1.7862500 
105.9105212 1.6897158 
106.0240666 1.1721938 
106.0249276 1.0354714 
106.0249276 1.0354714 
106.0275197 1.0344338 
105.9425791 0.8954572 
105.6483656 1.5692769 
105.6429333 1.3354101 
104.9507347 1.0109864 
105.4342316 1.4687224 
105.3810538 1.7685128 
105.7812860 1.9853379 
105.8038928 1.4731017 
105.8287272 0.9351929 
105.7136653 1.1691933 
105.4958894 1.0357901 
105.5210919 0.9312433 
105.3902834 0.9991541 
105.3882423 1.0157140 
105.4469941 1.4039494 
105.0834668 1.9804838 
105.3084371 1.7413246 
105.2575109 1.2569579 
105.2071823 1.2588261 
105.1840213 1.2612422 
105.6943177 1.8370148 
105.6846130 1.4973539 
105.8556752 1.8615488 
105.9541031 1.9871245 
105.9644178 1.9332558 
106.0194031 1.9154838 
105.7754262 1.8442533 
105.8942924 1.8874357 
105.9109119 1.6905461 
105.8050104 1.5693495 
105.8040373 1.4740696 
105.9885736 1.4829574 
105.9722426 1.4565608 
105.8380243 1.3569115 
106.0365483 0.9428198 
105.1965085 2.0789630 
105.0641002 1.6416481 
105.1637647 1.4786451 
105.8554285 1.8618888 
105.8782036 1.4447185 
105.9942496 1.4866961 
105.9348692 1.3457083 
105.9723804 1.3498675 
105.9617024 1.3088697 
105.9748623 1.2603669 
106.0238535 1.1721895 
106.0366351 0.9435198 
105.9618018 0.9788696 
105.9429501 0.8957067 
105.8286138 0.9352262 
105.7818168 1.2613992 
105.8490145 1.3598898 
105.8573619 1.4342219 
105.8940503 1.4930491 
105.8065406 1.6407293 
105.8447126 1.5738905 
105.8657372 1.6773872 
105.8237443 1.8508936 
105.8507568 1.8450562 
105.8052664 2.0827295 
105.7810731 1.9850659 
105.7480282 1.7427365 
105.6706525 1.6429103 
105.7785274 1.6255663 
105.6483053 1.5699119 
105.6849798 1.4974092 
105.8036838 1.4738964 
105.6427885 1.3355789 
105.7137919 1.1690733 
105.6851015 0.9472425 
105.7397839 1.0452374 
105.6047552 0.8382476 
105.4839160 0.8150833 
105.4370809 0.8132492 
105.5169175 0.8409167 
105.5530859 0.8362494 
105.5854230 0.8924151 
105.5027505 1.1402501 
105.4472342 1.4039161 
105.4340617 1.4690824 
105.6042903 1.5990810 
105.5132557 1.6929167 
105.4849089 1.8887500 
105.5160925 2.0115833 
105.5467757 1.9709162 
105.3811953 1.7679136 
105.4220510 1.6640820 
105.3345205 1.5849107 
105.4207402 1.0039153 
105.3887357 1.0152473 
105.2852295 0.9410732 
105.2693818 1.0677383 
105.3448850 1.1877447 
105.3615565 1.1639125 
105.2573597 1.2569037 
105.2124355 1.8890651 
105.1600721 1.9098912 
105.2086813 1.2585646 
105.1843419 1.2615614 
105.0835190 1.9808784 
105.0363164 2.0283693 
