102.9370469 0.6842495 
102.7655300 0.3487718 
102.8130501 0.3115150 
103.0281882 0.2962455 
102.9800883 0.1782603 
102.7355747 0.1450296 
102.6286348 0.1979108 
102.6087044 0.2618256 
102.4223663 0.3171058 
102.5755851 0.4737258 
102.5945263 0.6081964 
102.5012287 0.7176380 
102.2899945 0.7902287 
102.9407690 0.8080774 
102.8970996 0.7732452 
102.9840967 0.5525762 
102.9850945 0.4777428 
102.9580943 0.4942436 
102.9099214 0.2915782 
102.8749226 0.3580790 
102.7549205 0.3472147 
102.6302829 0.0458828 
102.6207184 0.3326496 
102.4130804 0.6515831 
102.1178002 0.8076055 
