105.0159293 0.7952697 
105.0485693 0.7887871 
105.0319214 0.8164590 
104.9823389 0.6052568 
104.9733113 0.6203034 
104.9571458 0.6820631 
105.0456903 0.6708335 
105.0218407 0.4774824 
104.9745192 0.4430857 
104.9661855 0.4378776 
104.9791489 0.4425069 
105.0183841 0.3873900 
104.9180142 0.2936150 
104.9674354 0.2691924 
105.0228567 0.2527232 
105.0207733 0.2511028 
104.9950786 0.2516823 
105.0244752 0.1938435 
105.0129181 0.1460985 
105.0087518 0.1576727 
105.0277332 0.1547786 
105.0222734 0.1087880 
104.9695142 0.1094840 
104.7941556 0.0008168 
104.8014662 0.0264185 
104.9319663 0.0522073 
104.8978228 0.0480415 
104.8848617 0.1237223 
104.8837046 0.1404677 
104.8904384 0.2335694 
104.8404383 0.2510474 
104.8656707 0.2790006 
104.8686988 0.2931810 
104.8131427 0.2983905 
104.8088600 0.2892471 
104.8631626 0.3344451 
104.8694128 0.3393060 
104.8605006 0.3379173 
104.8515885 0.3428944 
104.8570101 0.3538526 
104.8695895 0.3761532 
104.8388047 0.5068159 
104.8272134 0.5883810 
104.9346248 0.6188970 
104.9031429 0.6410645 
104.9024483 0.6344673 
104.8811335 0.6670511 
104.8599534 0.7193896 
104.8846452 0.7635279 
104.8667046 0.7641070 
104.9110357 0.7873328 
104.6947717 0.7566840 
104.7901256 0.6600113 
104.7890836 0.6395252 
104.7558651 0.6561924 
104.8211722 0.3807191 
104.7374477 0.3279705 
104.6976968 0.2991099 
104.6489391 0.0248651 
104.5695555 0.0985832 
104.5914723 0.1211109 
104.6547226 0.1390270 
104.6876121 0.1870823 
104.6642788 0.1995825 
104.6601121 0.1995826 
104.6919187 0.2782489 
104.7027520 0.2631099 
104.5766678 0.3519443 
104.6459182 0.2741660 
104.6557527 0.3832770 
104.6501166 0.6988882 
104.5036112 0.5613333 
104.5080558 0.4966944 
104.4703612 0.0780278 
104.4682220 0.2143055 
104.4674997 0.2492222 
104.4724998 0.2393611 
104.3719707 0.2998884 
104.3773591 0.3708884 
104.4211098 0.3708887 
104.4984722 0.3834167 
104.4448601 0.4026388 
104.3717732 0.6920550 
104.3846903 0.6916385 
104.3538826 0.8026382 
104.3781892 0.8006940 
104.3695779 0.7855550 
104.3537440 0.7687493 
104.4405530 0.8108332 
104.4648597 0.7808333 
104.4808325 0.8391389 
104.5027779 0.8431667 
104.2953245 0.8108876 
104.2612956 0.7840260 
104.4092744 0.7082775 
104.2754960 0.3929151 
104.2472468 0.3097481 
104.2401359 0.2866368 
104.3200542 0.2218879 
104.1787792 0.0283857 
104.1884943 0.3988304 
104.1451599 0.4121628 
104.1728265 0.4408301 
104.3119676 0.5071934 
104.2240489 0.4987199 
104.1461015 0.5451628 
104.2737438 0.5517207 
104.1850177 0.6258303 
104.2225985 0.8464421 
104.1452068 0.8140239 
104.1135391 0.7979121 
104.1217342 0.7841901 
104.0685150 0.5851888 
104.0796265 0.5831057 
104.0864322 0.5844948 
104.1757722 0.3838301 
104.1343609 0.1098015 
104.1636640 0.2304132 
104.0173972 0.7605485 
104.0110355 0.7740760 
103.9957572 0.7707422 
104.4482217 0.2577777 
104.8784074 0.2767323 
104.5767511 0.3520831 
104.8850839 0.1235789 
104.3535770 0.8027495 
104.2952411 0.8099152 
104.0175639 0.7607428 
104.0105633 0.7739094 
104.3724399 0.6927773 
104.4524800 0.3732125 
104.3202486 0.2224156 
104.1463236 0.5457461 
104.2758295 0.3930262 
104.2223486 0.8472986 
104.7235042 0.4098595 
104.9178383 0.2936892 
104.6972657 0.2984488 
104.8390517 0.5070532 
104.7963328 0.6281473 
104.8589769 0.7195260 
104.1793447 0.0296736 
104.5915901 0.1213898 
104.9487574 0.8463171 
104.8203596 0.8420403 
104.6983817 0.8334829 
104.5892438 0.8399034 
104.4779659 0.8334840 
104.3581282 0.8292037 
104.2468502 0.8399017 
104.1419922 0.8356200 
104.0435541 0.8334777 
105.0161052 0.7955752 
104.9569328 0.6824103 
104.9822648 0.6055762 
104.9740932 0.4434098 
104.9659263 0.4385767 
104.9789267 0.4424097 
105.0184257 0.3872418 
104.9182549 0.2935780 
105.0224170 0.1087417 
105.0130848 0.1464087 
105.0089185 0.1582421 
105.0230882 0.2524083 
104.9897580 0.3672427 
105.0244196 0.1934083 
104.9322487 0.0522443 
104.8849172 0.1235788 
104.8627552 0.3342460 
104.8385917 0.5067465 
104.9167616 0.5569114 
104.8657540 0.2792459 
104.8129205 0.2984137 
104.7374200 0.3282483 
104.6975857 0.2990821 
104.7955929 0.6282474 
104.7890929 0.6400808 
104.7900932 0.6600807 
104.6874177 0.1869156 
104.6644177 0.1999158 
104.6594177 0.1997492 
104.7495852 0.2209148 
104.7027520 0.2624154 
104.6945911 0.7569155 
104.6459182 0.2737494 
104.5697500 0.0990832 
104.4697501 0.0775833 
104.5769178 0.3520831 
104.5035834 0.5612500 
104.5085836 0.4964167 
104.4982500 0.3834167 
104.5105835 0.2704167 
104.4669164 0.2489166 
104.5095833 0.0410833 
104.4685831 0.2140833 
104.3204154 0.2224157 
104.4449156 0.4022499 
104.4840830 0.4530833 
104.4324144 0.6514165 
104.3719121 0.6922495 
104.3844125 0.6917496 
104.3539104 0.8024160 
104.4802491 0.8394166 
104.2950745 0.8109154 
104.2765756 0.6689151 
104.1784181 0.0285802 
104.2227374 0.8467477 
104.1462404 0.5449128 
104.0103966 0.7740760 
104.0173972 0.7605762 
103.9705729 0.4237415 
104.3630829 0.1470828 
104.4209164 0.1462498 
104.3492495 0.1497493 
104.2755793 0.3927485 
104.4594154 0.6195833 
104.4052477 0.5065831 
104.4522492 0.3732499 
104.4005817 0.3664164 
104.4042485 0.3634164 
104.4132486 0.3587498 
104.4095819 0.3510831 
104.3855821 0.2717496 
104.6497555 0.6989160 
