102.9958499 1.9423626 
102.9134677 1.9170456 
102.8681045 1.8805535 
102.9364094 1.5518747 
103.0042476 1.4625273 
102.9993972 1.3923617 
102.9015358 1.3968811 
103.0064025 1.4070268 
102.8809954 1.1927180 
102.8836620 1.1890509 
102.8576574 1.1937218 
102.9693347 1.1337014 
102.9203236 1.1215444 
102.8251304 1.0525600 
102.9306418 1.0325424 
102.9667919 0.9280353 
102.7554403 0.9349023 
102.7479342 0.8855698 
102.7359336 0.8875711 
102.8271246 1.0107264 
102.8266254 1.0168932 
102.8406272 1.0163911 
102.8577959 1.0157218 
102.8062938 1.0490627 
102.7481588 1.4139031 
102.7381561 1.4165709 
102.8072005 1.5887292 
102.8292086 1.5863928 
102.6526515 1.7360782 
102.6696646 1.8089104 
102.6613311 1.8632443 
102.7498744 1.8519029 
102.5734534 1.8572489 
102.5742932 2.0417488 
102.4503898 1.9492495 
102.4707366 1.7642499 
102.5045851 1.6075834 
102.3825425 1.5127470 
102.3567029 1.4699122 
102.2172071 1.0682324 
102.2140152 1.2645653 
102.2221691 1.3838997 
102.2258141 1.5722335 
102.1992842 1.7225634 
102.2988325 1.6727411 
102.2277843 1.8255670 
102.0702547 1.5783759 
102.0110964 1.4361973 
102.1619710 1.4773915 
102.0336318 1.2990354 
102.0526871 1.0432059 
101.9803725 1.6435238 
102.0071622 1.8940298 
102.0379702 2.0963696 
102.5964646 1.1555160 
102.5416427 1.2029838 
102.4897895 1.2137009 
102.6000605 1.1861031 
102.5196687 1.1965540 
102.5943661 0.8423591 
102.5833718 0.8813189 
102.5520003 0.8584352 
102.5116460 0.8439932 
102.2770670 0.8257639 
102.1436785 0.8263888 
102.1003845 0.9070481 
102.1908297 0.9547289 
102.1909623 1.0015345 
101.9679762 1.1808542 
102.0267556 1.4957006 
101.9534159 1.6488785 
101.9761821 1.7390506 
102.1581331 1.8671409 
102.0787889 1.4117109 
102.3190694 0.8989095 
102.9492071 0.8625303 
102.1603193 1.3740579 
102.3485841 1.1289117 
102.1616311 1.4767181 
102.3565564 1.4696122 
102.4031711 1.4793214 
102.3819689 1.5126003 
102.0378033 2.0972031 
102.1095717 1.7590497 
102.1145744 1.7563839 
102.0699214 1.5778758 
102.1009331 1.5770481 
102.0270892 1.4955339 
102.0540967 1.5035394 
102.0419325 1.4703703 
102.0117633 1.4361975 
102.0011419 1.2155283 
102.0523536 1.0435392 
102.1053603 1.0480489 
102.1000514 0.9060481 
102.1169028 0.8068842 
102.1439006 0.8267219 
102.2209067 0.8070661 
102.2767400 0.8262392 
102.5940883 0.8419147 
102.6152558 0.8382472 
102.5520864 0.8577494 
102.7359336 0.8880711 
102.5829225 0.8804153 
102.7554403 0.9342356 
102.7927683 0.8670644 
102.7477675 0.8854031 
102.8020950 0.8128967 
102.7344272 0.8269047 
102.9662917 0.9277019 
102.9956261 0.9205292 
102.8967856 0.9282153 
102.9306419 1.0325425 
102.9199903 1.1213778 
102.9691681 1.1335347 
102.9221678 1.1777108 
103.0037472 1.4616939 
102.2516989 1.8273503 
102.2271497 1.8256194 
102.2256494 1.5744181 
102.2567628 1.5958486 
102.6543931 1.4914469 
102.7378228 1.4178242 
102.7491075 1.4283831 
102.8057594 1.3870961 
102.8098378 1.3669356 
102.9936281 1.4195831 
102.9986636 1.3927019 
103.0065894 1.4078200 
102.9585733 1.3996703 
102.8527025 1.4037692 
102.9958828 1.3313625 
103.0347264 1.3308536 
102.9418681 1.3305403 
102.9185267 1.3200447 
102.9928686 1.2700297 
103.0080361 1.2570264 
103.0387125 1.2676858 
102.9025111 1.2558808 
102.9440100 1.2012067 
102.8808286 1.1923847 
102.9606744 1.1723697 
102.8808206 1.1450514 
102.9449722 1.0070397 
102.9409328 0.8078739 
102.1910519 0.9547289 
102.0428703 0.9545372 
102.1708739 1.0190594 
102.1684417 2.0710314 
102.5745989 2.0419156 
102.8618708 2.0462350 
102.9945436 1.9422517 
102.9131944 1.9168997 
102.8678819 1.8804981 
102.9897681 1.8359472 
102.8289864 1.5867650 
102.8073339 1.5894958 
102.9157711 1.5664786 
102.8726408 1.4793528 
102.8654394 1.4859539 
102.8954469 1.4711489 
102.5857908 1.0692761 
102.5969072 1.1554981 
102.6528183 1.7361061 
102.6694422 1.8088547 
102.6614144 1.8635775 
102.5304297 1.6984997 
102.5290636 1.3512500 
102.5413978 1.2032497 
102.4260050 1.0854156 
102.5044183 1.6081944 
103.0132753 1.4488864 
102.8269683 1.9636092 
102.8267761 1.9707467 
102.6781886 2.0625764 
102.5672900 2.0709158 
102.9221297 1.8670442 
102.9923872 1.3555300 
101.9686431 1.1811878 
102.0914483 1.4725467 
102.1580775 1.8670575 
102.1996178 1.7223967 
102.1996178 1.7223967 
102.2226692 1.3842331 
102.0791414 1.3093775 
102.2167069 1.0682322 
102.3280567 1.0759103 
102.3560578 1.1272456 
102.2630100 1.4254044 
102.2991658 1.6730744 
102.2916625 1.6765739 
102.4505567 1.9490828 
102.4313850 1.7725822 
102.4237258 1.4460822 
102.3185694 0.8984094 
102.4737489 0.8304167 
102.4893589 1.2131944 
102.5734550 1.8575036 
102.5349081 1.9768331 
102.7130178 2.0962956 
102.7889000 1.9007872 
102.7498467 1.8517919 
102.7006556 1.8536022 
102.6854419 1.7135203 
102.7397725 1.7230983 
102.6707861 1.5732992 
102.7283808 1.1946275 
102.6990131 0.8735192 
102.6817117 1.0445864 
103.0052506 1.8267864 
102.9359694 1.5519997 
102.9876008 0.9572947 
102.5641939 1.5247678 
102.5971119 1.3907481 
102.9491106 0.8625388 
102.9739470 0.8700338 
102.9662918 0.9280354 
102.9304751 1.0323758 
102.9959595 0.9208624 
102.8841392 1.0542175 
102.9203237 1.1217110 
102.9690012 1.1332015 
102.8809954 1.1927180 
102.8581575 1.1940550 
103.0358695 1.2296867 
102.9048400 1.2285472 
102.8598263 1.2053881 
102.9990637 1.3920284 
103.0040808 1.4621940 
102.8679379 1.8810535 
102.9134676 1.9167123 
102.9953496 1.9418625 
102.7406942 1.7674039 
102.7393555 1.7229041 
102.8067004 1.5892293 
102.7381561 1.4167376 
102.5967684 1.1554147 
102.7172692 0.9245730 
102.7554404 0.9352356 
102.5944216 0.8427481 
102.5940882 0.8424148 
102.5044184 1.6085834 
102.4505566 1.9492495 
102.4312182 1.7724157 
102.5834224 0.8814152 
102.4734154 0.8300832 
102.3560360 1.4697455 
102.2276176 1.8254003 
102.2399574 1.8215685 
102.3485103 1.8165783 
102.2558048 1.7625702 
102.1991175 1.7223967 
102.2911622 1.6767404 
102.3823757 1.5130803 
102.4030510 1.4799146 
102.4484032 1.3170828 
102.3168746 1.2454093 
102.3485563 1.1290783 
102.2170405 1.0680657 
102.3185694 0.8989095 
102.2385594 0.9319016 
102.0530205 1.0432059 
102.0381369 2.0965363 
102.5742932 2.0424155 
103.0054044 1.4166937 
102.8267587 1.0163598 
102.8296754 1.5863594 
102.6526181 1.7359449 
102.0787889 1.4115776 
102.1180028 0.8074178 
102.2779068 0.8257392 
