104.0106043 0.7737421 
104.0177708 0.7604085 
104.0237655 0.5859083 
103.9257505 0.1192445 
103.8085950 0.7195804 
103.8432614 0.6459131 
103.6250883 0.7495829 
103.5047500 0.2050833 
103.5405845 0.5875833 
103.5077503 0.6450833 
103.4817494 0.6337500 
103.4989166 0.6244167 
103.4657490 0.5589166 
103.5452513 0.5755833 
103.4780827 0.5544166 
103.4672492 0.4874166 
103.5957523 0.4902497 
103.5130836 0.4474167 
103.8905971 0.6797453 
103.8825988 0.7635789 
103.3850794 0.6655829 
103.3965795 0.7065830 
103.4104134 0.7065831 
103.4237485 0.4150832 
103.5265837 0.3500833 
103.3072437 0.6402489 
103.2527409 0.7024148 
103.1569114 0.3525797 
102.9844025 0.5527419 
103.0645710 0.5645776 
103.5080835 0.3924167 
103.5047501 0.3902500 
103.3785823 0.2439162 
102.9744095 0.3225749 
103.7006226 0.0376048 
103.6251714 0.7490195 
104.0156648 0.5285552 
103.9175659 0.4093087 
103.9259353 0.0476511 
103.3135750 0.8360823 
104.0102709 0.7737420 
104.0174375 0.7605752 
103.8909305 0.6799953 
103.9065973 0.6657450 
103.9702593 0.4242432 
103.6893156 0.5739017 
103.6360895 0.8479161 
103.3850460 0.6657162 
103.5077502 0.6451500 
103.4985500 0.6247500 
103.4811494 0.6345500 
103.5407512 0.5879500 
103.4676826 0.4877166 
103.5260837 0.3507166 
103.4145877 0.3260554 
102.9841491 0.5531686 
103.9263438 0.1192911 
103.7337301 0.6524150 
103.7332578 0.6520817 
102.9800808 0.1787418 
102.9802475 0.1785751 
103.2234070 0.6729143 
103.8057206 0.7578629 
103.7872012 0.7528864 
103.6863727 0.3071563 
103.8824321 0.7639122 
103.3784156 0.2442495 
103.5082501 0.3927500 
103.5082501 0.3922500 
103.9170912 0.4097447 
104.0154301 0.5277419 
103.8819266 0.5254123 
104.0176042 0.7605752 
104.0107710 0.7735754 
103.7874281 0.7527475 
103.8060956 0.7579138 
103.7419190 0.2595815 
103.6620833 0.1015825 
103.7004159 0.0374154 
103.4377502 0.0507499 
103.3989131 0.6749164 
103.0457484 0.1590770 
103.1374125 0.2889127 
103.7427493 0.0512482 
103.1865846 0.0319137 
103.2927496 0.1292487 
103.5264171 0.3500833 
