104.8946339 2.0711448 
105.0364376 2.0280950 
104.9759356 1.9996052 
104.8747710 1.9471803 
104.9529556 1.4681971 
105.0083214 1.5614003 
104.9237253 1.5296563 
104.8350256 1.5225862 
104.9907844 1.1888692 
104.9503632 1.0101703 
104.8805835 0.9193345 
104.8344900 0.9172604 
104.8594455 0.8679442 
104.8213999 0.9922424 
104.7699213 1.0272473 
104.7594630 1.0885128 
104.7712664 1.5584290 
104.8233203 1.6419193 
104.8014625 1.6895075 
104.7256208 2.0558866 
104.8345076 2.0062157 
104.5692161 1.9225339 
104.6238295 1.6602637 
104.6257634 1.6675486 
104.3538299 0.8025482 
104.4809511 0.8388296 
104.5031048 0.8428439 
104.2948032 0.8107208 
104.3108594 0.8264817 
104.3463662 1.5594105 
104.3575213 1.5534642 
104.5683861 1.6045436 
104.4700739 1.5837299 
104.4273991 1.6589326 
104.3704337 1.6489688 
104.3464093 1.9604844 
104.3502779 1.9471040 
104.2172594 2.0669246 
104.2288607 2.0856591 
104.2396612 1.8016452 
104.2045613 1.7708651 
104.2124370 1.6610575 
104.2784752 1.6692420 
104.1498560 1.3980771 
104.0848544 1.4597547 
104.1033609 1.8147227 
104.0217885 2.0011551 
103.9851826 1.3370077 
104.0924071 1.3330154 
104.0073930 1.0989597 
103.9739919 0.8569617 
104.4678555 1.8223014 
104.4404662 0.8109473 
104.3787643 0.8005376 
104.6199249 0.9762601 
104.5703526 1.6312903 
104.0575532 1.8418326 
104.0695201 1.9894318 
104.8946339 2.0711448 
105.0364376 2.0280950 
104.9759356 1.9996052 
104.8747710 1.9471802 
104.9529556 1.4681971 
105.0083215 1.5614004 
104.9237253 1.5296563 
104.8350256 1.5225862 
104.9907844 1.1888691 
104.9503632 1.0101703 
104.8805835 0.9193345 
104.8344900 0.9172604 
104.8594455 0.8679443 
104.8213999 0.9922424 
104.7699213 1.0272474 
104.7594629 1.0885127 
104.7712665 1.5584291 
104.8233203 1.6419193 
104.8014625 1.6895075 
104.7256209 2.0558866 
104.8345076 2.0062157 
104.5692161 1.9225339 
104.6238295 1.6602637 
104.6257634 1.6675486 
104.3538299 0.8025483 
104.4809511 0.8388296 
104.5031048 0.8428439 
104.2948032 0.8107208 
104.3108594 0.8264818 
104.3463662 1.5594105 
104.3575213 1.5534643 
104.5683860 1.6045436 
104.4700739 1.5837299 
104.4273991 1.6589326 
104.3704337 1.6489688 
104.3464093 1.9604844 
104.3502778 1.9471040 
104.2172594 2.0669246 
104.2288607 2.0856591 
104.2396612 1.8016451 
104.2045612 1.7708651 
104.2124370 1.6610575 
104.2784752 1.6692420 
104.1498560 1.3980771 
104.0848544 1.4597547 
104.1033609 1.8147227 
104.0217885 2.0011551 
103.9851827 1.3370077 
104.0924071 1.3330153 
104.0073930 1.0989597 
103.9739919 0.8569616 
104.4678555 1.8223014 
104.4404662 0.8109473 
104.3787643 0.8005376 
104.6199249 0.9762601 
104.5703526 1.6312903 
104.0575532 1.8418326 
104.0695201 1.9894318 
104.9368204 1.0901246 
104.1911986 0.8578622 
103.9748861 0.8566892 
104.0710030 1.1482095 
103.9941336 1.2463603 
104.0334567 1.3397019 
104.0949697 1.3603806 
103.9853656 1.3372564 
104.0930341 1.3333430 
104.1504795 1.3982231 
105.0084100 1.5612764 
104.9914897 1.1891411 
104.9706508 1.1828956 
104.5552972 1.5167494 
104.3578369 1.5539122 
104.0501325 1.5962609 
104.0188586 1.6513933 
104.0215359 2.0010328 
104.0697597 1.9897925 
104.1667153 2.0927255 
104.2174436 2.0668992 
104.6551675 1.9550781 
104.6244403 1.6596911 
104.8942900 2.0709936 
104.8894223 2.0487722 
105.0361419 2.0282144 
104.9763792 1.9995056 
104.2954644 0.8111297 
104.3533839 0.8028008 
104.0072520 1.0989742 
104.0730119 1.3982931 
104.0730120 1.3982931 
104.3498355 1.9469116 
104.4351025 1.9972770 
104.4430239 1.9857494 
104.6990642 1.4554080 
104.7219875 1.4466558 
104.7785231 1.1389553 
104.8212878 0.9920606 
104.8346117 0.9172253 
104.4808881 0.8391667 
104.2229016 0.8469552 
104.0151200 1.4614758 
103.9550989 1.4686844 
104.1034757 1.8152431 
104.1040316 1.8151044 
104.2044189 1.7713975 
104.9239006 1.5297103 
104.6037714 1.1919144 
104.1629807 1.4142250 
104.1627812 1.4108249 
104.5690199 1.9236157 
104.3463662 1.9602115 
104.3459659 1.9608115 
104.1881298 1.1139952 
104.1961305 1.1185963 
104.1479036 1.2377227 
104.3659019 0.9739128 
104.8811028 0.9201313 
104.2161856 1.1324256 
104.4672808 1.8230631 
105.0365589 2.0288531 
104.9765183 1.9998666 
104.8948181 2.0712156 
104.8901449 2.0492165 
104.9016059 0.8520477 
104.8807827 0.9197180 
104.8337783 0.9170588 
104.8584394 0.8683883 
104.8214547 0.9927273 
104.8951273 0.9770489 
104.9369872 1.0902079 
104.8347729 2.0068920 
104.7233717 1.9579057 
104.6550009 1.9552448 
104.7263830 2.0560720 
104.5689532 1.9242490 
104.7278507 1.7260719 
104.6087912 1.5819141 
104.4674009 1.8224165 
104.2169155 2.0667323 
104.3458326 1.9602448 
104.3048391 1.6242416 
104.4282204 1.6585822 
104.3508685 1.4560785 
104.3868797 1.4644139 
104.2962424 0.8095742 
104.3535783 0.8032453 
104.4812491 0.8385833 
104.1915652 0.8582291 
104.1885298 1.1142287 
104.1504793 1.3987231 
104.2034462 1.7720640 
104.2295875 2.0857339 
104.0218138 2.0010329 
104.1090808 1.7052163 
103.9745529 0.8565224 
104.1068872 0.8945493 
105.0390434 1.2570192 
105.0386984 1.2083527 
105.0081044 1.5616931 
104.9910173 1.1888635 
104.9191963 1.3352113 
104.9141884 1.2992122 
104.8345346 1.5230587 
104.9237340 1.5302104 
104.8010448 1.6888967 
104.9501402 1.0110386 
104.9741256 0.9267004 
104.7776255 1.0692330 
104.7592917 1.0889019 
104.9608846 1.3863698 
105.0306562 1.0360212 
104.7788009 1.1385662 
104.6986475 1.4562413 
104.2349404 1.9457345 
104.3500024 1.9460784 
104.1667153 2.0932255 
104.2124645 1.6608985 
104.2784910 1.6692392 
104.1470032 1.2387225 
104.0075019 1.0991965 
104.1965305 1.1192297 
103.9944671 1.2456936 
104.0943027 1.3608804 
103.9549044 1.4681845 
104.1032257 1.8147153 
